3 6 7
1 1 1 1 1 1 1
1 0 0 0 0 0 1
1 0 1 1 1 0 1
1 0 1 1 0 0 1
1 1 1 1 0 1 1
1 1 1 1 1 1 1

1 1 1 1 1 1 1
1 1 1 1 1 1 1
1 1 1 1 1 1 1
1 1 1 0 1 1 1
1 1 1 0 0 0 1
1 1 1 1 1 1 1

1 1 1 1 1 1 1
1 1 1 1 1 1 1
1 1 1 1 1 1 1
1 1 0 1 1 1 1
1 1 1 1 1 0 1
1 1 1 1 1 1 1
1 1 1
3 4 5

1 5 5
1 1 1 1 1
1 0 1 1 1
1 1 0 1 1
1 1 1 1 1
1 1 1 1 1
1 1 1
1 2 2

2 7 10
1 1 1 1 1 1 1 1 1 1
1 0 0 0 1 0 0 0 1 1
1 0 1 1 1 0 1 1 1 1
1 1 1 0 1 1 1 1 1 1
1 0 1 0 0 0 0 1 0 1
1 0 0 0 1 1 1 0 0 1
1 1 1 1 1 1 1 1 1 1

1 1 1 1 1 1 1 1 1 1
1 0 1 0 1 1 1 0 0 1
1 0 1 0 0 0 1 1 0 1
1 0 1 0 1 1 1 1 0 1
1 0 1 1 1 1 0 0 0 1
1 1 1 1 1 1 1 0 0 1
1 1 1 1 1 1 1 1 1 1
1 5 8
2 1 1

1 7 9
1 1 1 1 1 1 1 1 1
1 0 0 0 1 0 0 0 0
1 0 1 0 0 0 1 1 0
1 0 0 0 1 0 1 0 0
1 0 1 0 0 0 0 0 1
1 0 0 0 1 1 1 0 0
1 1 1 1 1 1 1 1 1
1 5 8
1 1 2

0 0 0